7:36 AM Sun Sep 29, 2024
Mark,6,6,5,7,5,4,7,6,6
Henry,6,13,6,6,7,7,4,6,6
Nancy,11,10,8,7,7,7,7,8,12
1:07 PM Sun Sep 29, 2024
Henry,9,9,9,6,9,5,4,6,6
Mark,6,9,7,7,8,9,5,7,7
Nancy,7,11,9,10,12,6,7,6,7
7:55 AM Mon Sep 30, 2024
Mark,3,7,4,10,8,5,5,5,10
3:03 PM Mon Sep 30, 2024
Mark,12,15,6,6,6,7,5,5,6
Henry,7,10,7,5,6,6,8,8,6
1:23 PM Tue Oct 1, 2024
Mark,7,7,5,4,5,3,6,5,6
9:13 AM Wed Oct 2, 2024
Mark,7,7,2,7,7,4,7,6,7
Nancy,11,11,7,10,9,8,8,11,9
7:53 AM Thu Oct 3, 2024
Mark,6,8,5,6,6,6,6,9,8
7:50 AM Fri Oct 4, 2024
Mark,6,7,5,6,7,5,7,6,11
3:05 PM Fri Oct 4, 2024
Nancy,9,9,4,8,6,6,8,7,6
Mark,8,7,5,8,9,4,7,6,7
Henry,8,9,4,9,6,5,7,8,7
12:59 PM Sun Oct 6, 2024
Mark,6,7,4,6,7,9,10,9,8
Nancy,12,12,7,6,7,6,9,7,9
Henry,7,9,8,5,6,4,7,11,7
8:06 AM Fri Oct 11, 2024
Mark,9,6,5,5,6,6,6,8,5
3:09 PM Fri Oct 11, 2024
Nancy,8,10,8,8,9,7,7,9,8
Henry,9,8,6,7,7,6,8,8,9
Mark,6,8,8,5,6,4,5,7,4
